4294967279,376
4294967278,429
4294967279,375
4294967279,374
4294967279,373
4294967278,317
4294967278,392
4294967278,235
4294967278,394
4294967278,225
4294967279,207
4294967279,206
4294967278,205
4294967278,203
4294967278,202
4294967278,201
299,6
4294967279,201
299,5
299,4
4294967279,200
299,3
299,2
299,1
4294967278,309
4294967279,572
4294967294,38
4294967294,390
4294967294,2
4294967278,194
4294967278,193
4294967279,193
4294967279,189
4294967294,40
4294967279,188
4294967278,187
4294967294,82
4294967278,178
4294967278,339
4294967279,528
4294967278,333
4294967278,299
4294967279,550
4294967278,332
4294967278,297
4294967279,558
4294967278,393
296,4
296,5
4294967294,68
4294967279,88
4294967294,903
4294967294,46
4294967294,904
4294967294,0
4294967294,28
4294967294,85
4294967294,25
4294967294,949
4294967294,427
4294967294,44
296,6
4294967294,96
4294967294,94
0,7
296,3
296,2
296,1
4294967294,9
4294967294,8
4294967294,6
4294967294,50
4294967294,920
4294967294,27
4294967294,93
4294967294,95
4294967294,92
4294967294,88
4294967294,7
0,5
4294967294,22
4294967294,17
4294967294,67
4294967294,43
4294967294,417
4294967294,52
4294967294,946
4294967294,26
4294967294,81
4294967294,970
4294967294,1414
4294967294,83
4294967294,11
4294967293,131
4294967293,130
4294967293,129
4294967293,128
4294967293,127
4294967293,126
4294967293,125
4294967293,124
4294967293,123
4294967293,122
4294967293,121
4294967293,120
4294967293,119
4294967293,118
4294967293,117
4294967293,116
4294967293,115
4294967293,114
4294967293,113
4294967293,112
4294967293,111
4294967293,110
4294967293,109
4294967293,108
4294967293,107
4294967293,106
4294967293,105
4294967293,104
4294967293,103
4294967293,102
4294967293,101
4294967293,100
4294967293,99
4294967293,98
4294967293,97
4294967293,96
4294967293,95
4294967293,94
4294967293,93
4294967293,92
4294967293,91
4294967293,90
4294967293,89
4294967293,87
4294967293,86
4294967293,85
4294967293,84
4294967293,83
4294967293,82
4294967293,81
4294967293,80
4294967293,79
4294967293,78
4294967293,77
4294967293,76
4294967293,75
4294967293,74
4294967293,73
4294967293,72
4294967293,71
4294967293,70
4294967293,69
4294967293,68
4294967293,67
4294967293,66
4294967293,65
4294967293,64
4294967293,63
4294967293,62
4294967293,61
4294967293,60
4294967293,59
4294967293,58
4294967293,57
4294967293,56
4294967293,55
4294967293,54
4294967293,53
4294967293,52
4294967293,51
4294967293,50
4294967293,49
4294967293,48
4294967293,47
4294967293,46
4294967293,45
4294967293,44
4294967293,43
4294967293,42
4294967293,41
4294967293,40
4294967293,39
4294967293,38
4294967293,37
4294967293,36
4294967293,35
4294967293,34
4294967293,33
4294967293,32
4294967293,31
4294967293,30
4294967293,29
4294967293,28
4294967293,27
4294967293,26
4294967293,25
4294967293,24
4294967293,23
4294967293,22
4294967293,21
4294967293,20
4294967293,19
4294967293,18
4294967293,17
4294967293,16
4294967293,15
4294967293,14
4294967293,13
4294967293,12
4294967293,11
4294967293,10
4294967293,9
4294967293,8
4294967293,7
4294967293,6
4294967293,5
4294967293,4
4294967293,3
4294967278,260
4294967278,37
4294967278,36
4294967278,35
4294967278,34
4294967278,32
4294967278,31
4294967278,30
4294967278,29
4294967278,25
4294967278,23
4294967278,22
4294967278,21
4294967278,20
4294967278,18
4294967278,17
4294967278,16
4294967278,15
4294967278,11
4294967278,9
4294967278,7
4294967278,6
4294967278,5
4294967278,4
4294967279,130
4294967279,128
4294967279,127
4294967279,174
4294967279,123
4294967279,122
4294967279,121
4294967279,120
4294967279,119
4294967279,118
4294967279,116
4294967279,113
4294967279,111
4294967279,110
4294967279,109
4294967279,226
4294967279,108
4294967279,107
4294967279,106
4294967279,105
4294967279,104
4294967279,102
4294967279,98
4294967279,260
4294967279,97
4294967279,96
4294967279,95
4294967279,94
4294967279,93
4294967279,92
4294967279,91
4294967279,90
4294967279,89
4294967279,87
4294967279,86
4294967279,85
4294967279,84
4294967279,83
4294967279,82
4294967279,81
4294967279,80
4294967279,79
4294967279,78
4294967279,77
4294967279,76
4294967279,75
4294967279,73
4294967279,72
4294967279,71
4294967279,70
4294967279,69
4294967279,68
4294967279,67
4294967279,66
4294967279,64
4294967279,63
4294967279,62
4294967279,61
4294967279,60
4294967279,59
4294967279,57
4294967279,56
4294967279,55
4294967279,54
4294967279,53
4294967279,52
4294967279,50
4294967279,49
4294967279,48
4294967279,47
4294967279,46
4294967279,45
4294967279,44
4294967279,43
4294967279,41
4294967279,40
4294967279,39
4294967279,38
4294967279,37
4294967279,36
4294967279,35
4294967279,34
4294967279,33
4294967279,32
4294967279,31
4294967279,30
4294967279,29
4294967279,28
4294967279,27
4294967279,26
4294967279,25
4294967279,24
4294967279,23
4294967279,22
4294967279,20
4294967279,19
4294967279,18
4294967279,17
4294967279,15
4294967279,12
4294967279,10
4294967279,372
4294967279,371
4294967294,948
4294967294,402
4294967294,164
4294967279,370
4294967278,428
4294967278,251
4294967278,240
295,6
295,5
4294967278,237
295,4
295,3
295,2
295,1
4294967279,232
4294967278,427
4294967279,215
4294967279,526
4294967279,369
4294967279,205
4294967279,204
292,5
292,4
292,3
292,2
292,1
4294967278,426
290,6
290,5
290,4
290,3
290,2
290,1
4294967278,305
4294967279,183
4294967279,178
4294967279,368
4294967278,334
4294967279,551
4294967278,300
4294967279,166
4294967278,164
4294967279,161
287,6
287,5
287,4
287,3
287,2
287,1
4294967279,367
4294967279,150
4294967279,570
4294967279,149
4294967278,149
4294967278,148
4294967294,1418
284,4
4294967279,144
284,3
284,2
284,1
4294967278,144
4294967279,336
4294967278,291
4294967279,135
283,6
283,5
4294967278,134
283,4
283,3
283,2
283,1
4294967279,262
280,4
280,3
280,2
280,1
4294967278,352
279,6
279,5
279,4
279,3
279,2
279,1
4294967294,409
4294967294,406
4294967294,400
4294967294,459
4294967294,463
278,5
278,4
278,3
278,2
278,1
4294967278,236
277,5
277,4
277,3
277,2
277,1
4294967279,230
4294967279,229
4294967279,223
4294967278,226
4294967278,227
4294967278,224
276,5
4294967278,220
4294967279,219
276,4
4294967278,218
276,3
276,2
276,1
4294967279,217
4294967278,212
275,4
275,3
275,2
275,1
4294967279,211
4294967278,382
4294967278,311
4294967278,362
4294967279,333
4294967278,306
4294967279,334
4294967278,343
4294967278,391
4294967278,376
4294967279,297
4294967278,303
4294967294,75
4294967294,18
4294967294,127
4294967294,14
4294967294,126
4294967294,20
4294967294,13
4294967294,97
4294967278,336
4294967278,167
4294967279,366
4294967294,473
4294967278,359
4294967279,159
4294967278,156
4294967278,357
4294967279,288
4294967278,308
4294967278,143
274,5
274,4
4294967278,142
274,3
274,2
274,1
272,6
272,5
272,4
272,3
272,2
272,1
4294967278,265
4294967279,256
4294967278,389
4294967278,310
4294967279,335
4294967279,58
4294967279,51
4294967279,542
4294967278,425
269,6
269,5
269,4
269,3
269,2
269,1
4294967279,331
4294967278,390
4294967294,191
4294967294,411
4294967294,391
4294967279,365
266,6
266,5
266,4
266,3
266,2
266,1
4294967279,575
4294967279,307
4294967278,424
4294967279,574
4294967278,344
4294967279,197
4294967279,195
4294967278,423
4294967278,192
4294967278,191
263,4
263,3
263,2
263,1
4294967279,364
4294967279,363
4294967279,74
4294967278,388
262,6
262,5
4294967278,180
262,4
262,3
262,2
262,1
4294967279,362
4294967279,65
4294967278,422
4294967278,176
4294967278,175
4294967279,175
4294967279,173
4294967278,170
4294967279,168
4294967279,169
4294967279,361
4294967278,168
4294967278,163
4294967279,163
259,4
4294967279,162
259,3
259,2
259,1
258,6
4294967278,155
258,5
4294967278,154
258,4
258,3
258,2
258,1
257,5
257,4
257,3
257,2
257,1
4294967278,141
4294967279,142
256,5
256,4
256,3
256,2
256,1
4294967278,277
4294967294,472
4294967279,134
4294967278,136
4294967278,135
255,5
255,4
255,3
255,2
255,1
254,4
254,3
254,2
254,1
4294967279,545
4294967279,360
4294967294,167
4294967294,160
4294967278,421
4294967278,351
253,5
253,4
253,3
253,2
253,1
4294967279,250
251,6
